gfx1151-9B-1gpu,0,1,1591.62,24.90
gfx1151-9B-1gpu,0,0,1585.92,24.88
gfx1151-9B-1gpu,32768,1,1067.75,22.16
gfx1151-9B-1gpu,32768,0,1070.31,22.15
gfx1151-9B-1gpu,65536,1,797.68,19.97
gfx1151-9B-1gpu,65536,0,804.63,19.96
gfx1151-9B-1gpu,98304,1,632.84,18.20
gfx1151-9B-1gpu,98304,0,644.51,18.18
gfx1151-35B-A3B-1gpu,0,1,1799.79,50.86
gfx1151-35B-A3B-1gpu,0,0,1829.75,50.73
gfx1151-35B-A3B-1gpu,32768,1,1093.31,44.30
gfx1151-35B-A3B-1gpu,32768,0,1098.91,44.23
gfx1151-35B-A3B-1gpu,65536,1,777.39,39.16
gfx1151-35B-A3B-1gpu,65536,0,783.83,39.07
gfx1151-35B-A3B-1gpu,98304,1,599.94,35.18
gfx1151-35B-A3B-1gpu,98304,0,611.16,35.10
